lvl = {0,0,0,0,0,0,0,0,0,0,0,0,0,0,
	   0,0,0,0,0,0,0,0,0,0,0,0,0,0,
	   0,0,0,0,0,0,0,0,0,0,0,0,0,0,
	   0,0,0,0,0,0,0,0,0,0,0,0,0,0,
	   0,0,0,0,0,0,0,0,0,0,0,0,0,0,
	   0,0,0,0,0,0,0,0,0,0,0,0,0,0,
	   0,0,0,0,0,0,0,0,0,0,0,0,0,0,
	   0,0,0,0,0,0,0,0,0,0,0,0,0,0,
	   0,0,0,0,0,0,0,0,0,0,0,0,0,0,
	   0,0,0,0,0,0,0,0,0,0,0,0,0,0,
	   0,0,0,0,0,0,0,0,0,0,0,0,0,0,
	   0,0,0,0,0,0,0,0,0,0,0,0,0,0,
	   0,0,0,0,0,0,0,0,0,0,0,0,0,0}
	   
	   
	   
	   
	   72a1b12a1c2b10a2c3b1b1a1b3a1b1a1b5a3b3a3b3c2b10a2c1b12a1c72a
	   72A1B12A1C2B10A2C3B1B1A1B3A1B1A1B5A3B3A3B3C2B10A2C1B12A1C72A
	   
	   
	   pink ff024e
	   blue 1d2b53
	   yellow ffec27
	   
	   	--       1 2 3 4 5 6 7 8 9 0 1 2 3 4
	lvl_a = {0,0,0,0,0,0,0,0,0,0,0,0,0,0, -- 1
			 0,0,0,0,0,0,0,0,0,0,0,0,0,0, -- 2
			 0,0,0,0,0,0,0,0,0,0,0,0,0,0, -- 3
			 0,0,0,0,0,0,0,0,0,0,0,0,0,0, -- 4
			 0,0,0,0,0,0,0,0,0,0,0,0,0,0, -- 5
			 0,0,0,0,0,0,0,0,0,0,0,0,0,0, -- 6
			 0,0,0,0,0,0,0,0,0,0,0,0,0,0, -- 7
			 0,0,0,0,0,0,0,0,0,0,0,0,0,0, -- 8
			 0,0,0,0,0,0,0,0,0,0,0,0,0,0, -- 9
			 0,0,0,0,0,0,0,0,0,0,0,0,0,0, -- 10
			 0,0,0,0,0,0,0,0,0,0,0,0,0,0, -- 11
			 0,0,0,0,0,0,0,0,0,0,0,0,0,0, -- 12
			 0,0,0,0,0,0,0,0,0,0,0,0,0,0} -- 13